-0.01695171007102347
-0.013701487199281524
-0.012658305292985826
-0.012559812136623029
-0.0126641235828083
-0.012871028692050689
-0.012958437743966775
-0.01302068171820214
-0.013066784628733627
-0.013078121512733852
-0.013081682897579966
-0.013089707697254295
-0.013107537488496556
-0.013214913734474872
-0.013258042370287899
-0.013317649763494485
-0.0133674971796949
-0.013365678548603942
-0.013415427238470572
-0.013503442553228039
-0.013519365628667884
-0.013558938069943273
-0.013569917234090909
-0.013616438322585158
-0.013633459700441395
-0.013658468256377338
-0.013655283478201758
-0.013670370551286759
-0.01368921528421914
-0.013712962805361197
-0.013740051879602193
-0.013758698792006594
-0.013769655200248363
-0.013800532112582318
-0.01381488633484446
-0.013826612038273928
-0.013845783927224527
-0.01382798498769676
-0.013816668043739664
-0.013816315181917886
-0.01382839553151357
-0.013853725489631827
-0.013873417715921285
-0.01388878070088869
-0.013905467515107106
-0.01392124854880827
-0.013907355151337033
-0.013877008416273453
-0.013870930118328654
-0.013866847287113326
-0.013893848817928045
-0.01392107015014573
-0.013925896333659675
-0.013915467912900796
-0.013906798516504719
-0.013899903624618914
-0.01390307129933833
-0.013910227272073777
-0.013908323990613775
-0.013915701054245914
-0.013917476771997308
-0.013922075350992049
-0.013918546713485667
-0.013918991899232201
-0.013925432393640119
-0.013927477008661909
-0.013928930071183822
-0.013930381716953615
-0.013931028500671204
-0.013926344276233541
-0.013928724566891622
-0.013931302762689706
-0.013930452673063958
-0.013931807261443946
-0.013931150598104165
-0.01392541574535948
-0.013923340467751578
-0.013928505264201427
-0.013929167295315289
-0.013929821204837945
-0.013927875719856963
-0.013932011924944221
-0.013931994059754092
-0.013933937305506818
-0.01393154963216142
-0.013931646240870751
-0.013928349969482117
-0.013932987525985078
-0.013929437581645615
-0.013927231352972387
-0.013930679631657974
-0.013930118096238057
-0.013930690773734107
-0.013928123790156127
-0.01392831834735227
-0.01392968096195746
-0.013933457958023174
-0.013933185681052845
-0.013937559168689884
-0.013925837035465651
-0.013929338842920736
-0.013931402846810208
-0.013929837440984395
-0.013925633498637863
-0.013926779357614417
-0.013929426751448043
-0.013932129388494101
-0.013933541843972788
-0.01393046744843266
-0.013927937526231834
-0.013931558104469057
-0.013930650977684587
-0.013930379194405745
-0.013929123758127685
-0.01392707973000018
-0.01393112417383929
-0.013930874188251972
-0.013932974209922639
-0.013932777353808889
-0.013930086793310318
-0.01393029580984717
-0.013925281495421972
-0.013929983781220921
-0.013929422293046919
-0.013933279671847161
-0.013934349814870359
-0.013931290970067843
-0.01392847469147613
-0.013925638776976999
-0.013929391471410129
-0.013929884304959499
-0.01393170165977364
-0.013929166110600306
-0.013930091797308034
-0.013931476402867179
-0.01393126888724618
-0.013928418085638777
-0.013928744215896708
-0.01392607561017076
-0.013928966023700314
-0.013931059965677525
-0.013932442251549182
-0.013931888287475706
-0.013935764087847427
-0.013927637814371667
-0.013916225322646804
-0.013914784297711208
-0.013913830595536164
-0.013942129128868228
-0.01395539652407233
