-0.01695171007102347
-0.008856795449233271
-0.00685467629675192
-0.007008257606324858
-0.007431088461376328
-0.00790739301864517
-0.008213667257659409
-0.008431817615169437
-0.008532533484696054
-0.008657524927855742
-0.00875208565936511
-0.008920159387804544
-0.009111656496562278
-0.009308426838956397
-0.009461499709293806
-0.009557232689346362
-0.009701749225370057
-0.009811194106443526
-0.009896771010954462
-0.009970067733300617
-0.010057343107898664
-0.010131365982458071
-0.010234746491719455
-0.010292759540278702
-0.01032336508359417
-0.010368081727997396
-0.010418105959661084
-0.010478719909333219
-0.010553734082089412
-0.0106306712534503
-0.010681437090947035
-0.010714340071720063
-0.010773058974667064
-0.010812733546911184
-0.010840500608837999
-0.010845347273401064
-0.010852647548232305
-0.010851043830368869
-0.010896245375972089
-0.010926337367688518
-0.010950657558467134
-0.010974174819064634
-0.010976133900249534
-0.010983549983776555
-0.011012516471343093
-0.011032366213057079
-0.011058499526675472
-0.011063699854814812
-0.011075957002211576
-0.011077067094422422
-0.011094160606368692
-0.01109792911986263
-0.011101566351925878
-0.011112101021501395
-0.01113298897780353
-0.011142029818500633
-0.011149949080704576
-0.011154040989992552
-0.011169358312547858
-0.011167012361932604
-0.011170305025939917
-0.011171748128437277
-0.011173763881527224
-0.011178601636024474
-0.011186814275105074
-0.0111869319945798
-0.011187850193157047
-0.011187783139402465
-0.011185105841502244
-0.011185507058844036
-0.011190139551784632
-0.011199537527906745
-0.011209014529131417
-0.011223845951189828
-0.011227826715556381
-0.011222529068600376
-0.011222335835121826
-0.011212528827126415
-0.01121085077495661
-0.0112096490223122
-0.011210593519750086
-0.011219387565932581
-0.011222236931307588
-0.011233582771069048
-0.01123310034089044
-0.011226480300457566
-0.011228343922453699
-0.011224424950136029
-0.011225527235748755
-0.011225583345359351
-0.011224121312791052
-0.011224176077581293
-0.0112265230719091
-0.011226732697637607
-0.011228160125659246
-0.011229171846092291
-0.01123121700690744
-0.011224882074027682
-0.011225511733652662
-0.011229644507336763
-0.01123148818267415
-0.011224462903703955
-0.011231318884210969
-0.011234183543708627
-0.01123784785837791
-0.011246124499323286
-0.011241349603857585
-0.01123809742665351
-0.011236646869351972
-0.011237573881652457
-0.011234796556534189
-0.011229782069625605
-0.011228437011716347
-0.011233819398543385
-0.011238501623069627
-0.01124090080074596
-0.011235902174272946
-0.011233110800923816
-0.011236217360627094
-0.011232484183361298
-0.011236698157206085
-0.011239584668454327
-0.011237602961325775
-0.011233096769972925
-0.011232899407477674
-0.011233963639890203
-0.01122911933798636
-0.011232898949009909
-0.011231511920301574
-0.01123243641023044
-0.011238527729144715
-0.011237342907992652
-0.011233459337706411
-0.011237755897487317
-0.01123718674867781
-0.011245901362676529
-0.011239637410290418
-0.01123829674893454
-0.011234851081045183
-0.011236788826914083
-0.011235862763656337
-0.011236244360204638
-0.011238712124277322
-0.011239439614107826
-0.011239911640538853
-0.011238906069996805
-0.011233045115424396
-0.011222692485088604
-0.01120757872730955
-0.011242478442982725
