-0.01695171007102347
-0.012070969573818787
-0.010737156843794326
-0.011046593801299368
-0.011389834393259975
-0.011719660922404274
-0.012009110570581648
-0.012072502540698398
-0.012161811064752195
-0.012183290147348749
-0.012299217628886427
-0.012336873695527321
-0.012405670329030845
-0.012476289366260248
-0.012554069660004184
-0.012618818704827693
-0.012687684439791617
-0.012763445992803615
-0.01280040980236254
-0.012827678124265303
-0.012878015447216526
-0.012910516456682355
-0.012924140310696278
-0.01296022625107627
-0.012977179419591825
-0.013010815707689192
-0.013046856038838636
-0.01307539847671906
-0.013100936540897503
-0.013101486697708555
-0.013120018667250403
-0.013143500091557287
-0.01318095353744169
-0.01318173623410728
-0.013211291324384124
-0.013214710685597634
-0.013205508507234582
-0.013229652449069831
-0.013263364091537435
-0.013266769124422945
-0.013251874840996873
-0.013265899501401264
-0.013282631297808541
-0.013298135616402536
-0.013300563439487684
-0.013295606124838585
-0.013291527108318633
-0.013298935346537206
-0.013333421674061041
-0.013321229830433677
-0.013333744613980352
-0.013345752883368953
-0.013348026150755334
-0.013350428522071698
-0.013369475387567522
-0.013361510483443648
-0.013358897887959882
-0.013361803252700368
-0.01336121884943654
-0.013373448511504507
-0.013356377876141424
-0.013358963983207222
-0.013367422654430106
-0.013366059545583403
-0.013373827144617363
-0.013385803604770277
-0.01337565732134875
-0.013388117424068363
-0.013390631896350064
-0.01338510502360193
-0.013385886013850195
-0.01338663344981271
-0.013390328282487082
-0.013392509591242246
-0.013395589193846197
-0.013390181677573245
-0.013387845992324416
-0.013393287752422071
-0.013403463860872501
-0.013396593288924145
-0.013399091834139547
-0.013398187887976323
-0.013398091934488156
-0.013394486347668225
-0.01339853012871228
-0.013405595930258474
-0.013398947967668674
-0.01340106126888531
-0.013402500705416452
-0.013393844420273004
-0.013407273419486351
-0.013413481358990165
-0.013401932095077559
-0.013395862081829732
-0.013407046792216078
-0.013401605654870285
-0.013405112018598835
-0.013406666135956875
-0.013402758813497416
-0.013406325136850434
-0.013402090987578049
-0.013403862148525545
-0.013409746689109207
-0.01340382376419539
-0.013403196974057412
-0.01339843652423877
-0.013411198890882223
-0.013413671728851386
-0.013400620977493989
-0.013410341631128558
-0.013408523373581744
-0.013407949511442143
-0.013400229200378463
-0.013410742934027511
-0.013407403556877662
-0.013410496729187496
-0.013406552740046877
-0.013405609273270582
-0.013405763093906392
-0.013407761111302449
-0.013408005961122963
-0.013401952619218522
-0.013411818270819569
-0.013401587178316719
-0.013411249058881648
-0.013415718671083106
-0.01339967981844711
-0.013393619631362349
-0.01341311539054634
-0.013414677457290391
-0.01341204110602942
-0.013409000456802966
-0.013409061551035426
-0.013409458573488757
-0.013405563767905354
-0.013404975749816623
-0.013405320456056552
-0.013411271104284885
-0.013415953871889694
-0.013404083678065302
-0.013408053555773031
-0.013396056199961488
-0.01341346070368803
-0.01341843235141242
-0.01340684106941359
-0.013397382448052825
-0.0134023758790145
-0.01339785712736263
-0.013403509828024292
-0.013404446152817944
