-0.017178159746623352
-0.016894177525744878
-0.016638812531584182
-0.016412108065509495
-0.016211406847382013
-0.016034115538190865
-0.015878372899653145
-0.01574148732407737
-0.015621953050330862
-0.015517556646535566
-0.01542688963755634
-0.015348377585415258
-0.015280779642679801
-0.015222502692551246
-0.015172544542692313
-0.015130000830828013
-0.015093983355262065
-0.015063874377524511
-0.015038838570823637
-0.015018018461838752
-0.015000831732184127
-0.01498698655738962
-0.014975753493557687
-0.014967166994515734
-0.01496041348544593
-0.01495528407367272
-0.014951955713398545
-0.014949756677308457
-0.014948526762141376
-0.014948328031241659
-0.014948773432692276
-0.014949862219464592
-0.014951279759667632
-0.014953182565923819
-0.014955267640083888
-0.014957607546796588
-0.014960099612232337
-0.014962735721732338
-0.014965399200192025
-0.014967960541671054
-0.01497063755210794
-0.01497339029852017
-0.01497611117914833
-0.014978810323583896
-0.014981418261506538
-0.014984072266401067
-0.014986549571710845
-0.014988879859192105
-0.014990976871868053
-0.014993014590413075
-0.0149949722594884
-0.014996886633770492
-0.01499873879781944
-0.015000488445724767
-0.015002119386464952
-0.015003632512435125
-0.015005054388228842
-0.015006316450854467
-0.015007489781850299
-0.015008615732149672
-0.01500967709228669
-0.015010593371347124
-0.015011453875591272
-0.015012236833101851
-0.015012984658438897
-0.015013716351362935
-0.015014363399686577
-0.015014972973845969
-0.015015531599222854
-0.015016075374524254
-0.015016586208572855
-0.015017055503800078
-0.015017506222458689
-0.015017867299568373
-0.015018191567316824
-0.01501848324866208
-0.015018751489024403
-0.015019003614756806
-0.015019243169772278
-0.01501945850356014
-0.015019658804145361
-0.015019810404662486
-0.015019949619061657
-0.01502007338559341
-0.015020180357005393
-0.015020271024452024
-0.015020350567737258
-0.015020426127667129
-0.015020497416383002
-0.01502055186958938
-0.015020600691551504
-0.01502063601929595
-0.015020670072172164
-0.015020699491180805
-0.015020727192873501
-0.015020752483492834
-0.015020734026687814
-0.015020711396500701
-0.015020728418246119
-0.015020844752738545
-0.015020863565249568
-0.015020885998317107
-0.01502089358499487
-0.015020904226903985
-0.01502091501757109
-0.01502092228168752
-0.015020930193885033
-0.01502093826667961
-0.015020944938957975
-0.015020948379480533
-0.015020953071334981
-0.015020954746666757
-0.015020954392548325
-0.015020952561336386
-0.015020949266453913
-0.01502094504350426
-0.015020941435591894
-0.01502093810761308
-0.015020932670143572
-0.015020926270077653
-0.015020920836270567
-0.015020914042251489
-0.015020909034519045
-0.015020906192065461
-0.015020902471117429
-0.015020899457001205
-0.01502089897064055
-0.015020898946998297
-0.015020896890343414
-0.01502089215582344
-0.01502088737918001
-0.01502088239206088
-0.015020876012247587
-0.015020869848924005
-0.015020867344740436
-0.01502086451162303
-0.015020860234563034
-0.015020853306077426
-0.01502084826629219
-0.015020843389206767
-0.01502083940323106
-0.015020835909241992
-0.015020831464961266
-0.01502082618514032
-0.015020820418805179
-0.015020816038571458
-0.015020809704192123
-0.015020801091281667
-0.015020796887983254
-0.01502080842954809
